3708.51867567842  0.
3708.5558593138  0.
3708.59304294919  0.
3708.63022658458  0.
3708.66741021997  0.
3708.70459385535  46.338
3708.74177749074  37.79161
3708.77896112613  39.17485
3708.81614476152  37.45905
3708.85332839691  37.01558
3708.89051203229  45.49291
3708.92769566768  59.67017
3708.96487930307  54.13425
3709.00206293845  34.40018
3709.03924657384  46.40298
3709.07643020923  56.82009
3709.11361384462  92.71251
3709.15079748  30.25615
3709.18798111539  39.34865
3709.22516475078  41.55628
3709.26234838617  76.98418
3709.29953202155  27.87804
3709.33671565694  61.89425
3709.37389929233  47.68325
3709.41108292772  42.06977
3709.4482665631  9.727866
3709.48545019849  74.53979
3709.52263383388  19.23261
3709.55981746927  41.96718
3709.59700110465  41.27156
3709.63418474004  65.21942
3709.67136837543  52.25976
3709.70855201082  38.79073
3709.7457356462  98.18737
3709.78291928159  81.41728
3709.82010291698  88.67896
3709.85728655237  95.15987
3709.89447018775  74.10871
3709.93165382314  103.0349
3709.96883745853  73.50396
3710.00602109392  5.354296
3710.0432047293  84.44205
3710.08038836469  54.11103
3710.11757200008  61.92286
3710.15475563547  54.771
3710.19193927085  42.36536
3710.22912290624  82.29411
3710.26630654163  84.32801
3710.30349017702  48.04025
3710.3406738124  65.62706
3710.37785744779  49.29076
3710.41504108318  69.17095
3710.45222471857  52.94955
3710.48940835395  63.70674
3710.52659198934  17.74851
3710.56377562473  60.36438
3710.60095926012  32.87968
3710.6381428955  88.91089
3710.67532653089  19.98707
3710.71251016628  25.30822
3710.74969380167  67.79865
3710.78687743705  40.54753
3710.82406107244  73.21976
3710.86124470783  35.01969
3710.89842834321  80.61948
3710.9356119786  52.04391
3710.97279561399  77.76771
3711.00997924938  47.99533
3711.04716288477  74.90461
3711.08434652015  86.98087
3711.12153015554  43.74896
3711.15871379093  64.20071
3711.19589742631  33.73602
3711.2330810617  93.78224
3711.27026469709  176.2562
3711.30744833248  230.8327
3711.34463196786  186.4541
3711.38181560325  127.7544
3711.41899923864  54.59824
3711.45618287403  69.39681
3711.49336650941  102.1995
3711.5305501448  168.2179
3711.56773378019  147.6519
3711.60491741558  190.2798
3711.64210105096  174.5171
3711.67928468635  153.5016
3711.71646832174  139.7342
3711.75365195713  125.0789
3711.79083559251  82.29279
3711.8280192279  135.3336
3711.86520286329  189.8165
3711.90238649868  93.91656
3711.93957013406  65.36504
3711.97675376945  11.97212
3712.01393740484  83.22808
3712.05112104023  21.20474
3712.08830467561  74.27055
3712.125488311  75.97151
3712.16267194639  62.07716
3712.19985558178  53.97717
3712.23703921716  55.83648
3712.27422285255  68.96206
3712.31140648794  60.82754
3712.34859012333  73.78893
3712.38577375871  98.11362
3712.4229573941  72.68848
3712.46014102949  47.95313
3712.49732466488  125.4748
3712.53450830026  127.4981
3712.57169193565  192.1651
3712.60887557104  117.7148
3712.64605920643  112.9319
3712.68324284181  20.33546
3712.7204264772  75.74549
3712.75761011259  77.67822
3712.79479374798  56.98103
3712.83197738336  61.01305
3712.86916101875  115.8064
3712.90634465414  63.69706
3712.94352828953  44.66517
3712.98071192491  65.68412
3713.0178955603  99.25893
3713.05507919569  83.7736
3713.09226283108  88.6365
3713.12944646646  84.26775
3713.16663010185  62.64806
3713.20381373724  47.66091
3713.24099737263  58.69939
3713.27818100801  88.67429
3713.3153646434  45.76396
3713.35254827879  70.37628
3713.38973191418  29.65373
3713.42691554956  77.97549
3713.46409918495  46.82793
3713.50128282034  74.85431
3713.53846645572  90.09454
3713.57565009111  79.00369
3713.6128337265  42.40561
3713.65001736189  70.70075
3713.68720099727  102.8828
3713.72438463266  51.84549
3713.76156826805  62.47524
3713.79875190344  55.24276
3713.83593553882  82.65268
3713.87311917421  45.71107
3713.9103028096  71.41319
3713.94748644499  33.08083
3713.98467008037  61.35846
3714.02185371576  33.64908
3714.05903735115  98.58405
3714.09622098654  44.71859
3714.13340462192  80.05352
3714.17058825731  62.68563
3714.2077718927  57.02102
3714.24495552809  108.1658
3714.28213916347  62.04865
3714.31932279886  117.0293
3714.35650643425  99.48621
3714.39369006964  66.56159
3714.43087370502  72.77103
3714.46805734041  57.39021
3714.5052409758  62.62279
3714.54242461119  65.98712
3714.57960824657  76.76167
3714.61679188196  102.4849
3714.65397551735  125.738
3714.69115915274  160.4549
3714.72834278812  204.6218
3714.76552642351  136.5509
3714.8027100589  117.9978
3714.83989369429  104.3631
3714.87707732967  56.25774
3714.91426096506  91.70478
3714.95144460045  74.54338
3714.98862823584  115.9176
3715.02581187122  28.91698
3715.06299550661  138.5331
3715.100179142  109.3004
3715.13736277739  78.11164
3715.17454641277  94.09299
3715.21173004816  65.61287
3715.24891368355  78.05529
3715.28609731894  62.59689
3715.32328095432  45.3115
3715.36046458971  105.5504
3715.3976482251  81.05955
3715.43483186049  86.57558
3715.47201549587  95.08809
3715.50919913126  128.2714
3715.54638276665  194.3579
3715.58356640204  224.836
3715.62075003742  190.6191
3715.65793367281  90.4493
3715.6951173082  37.86345
3715.73230094359  101.9914
3715.76948457897  65.02553
3715.80666821436  99.15512
3715.84385184975  152.1976
3715.88103548514  160.3543
3715.91821912052  133.9421
3715.95540275591  78.265
3715.9925863913  74.8348
3716.02977002669  80.78936
3716.06695366207  97.0896
3716.10413729746  62.08489
3716.14132093285  78.23544
3716.17850456823  92.13927
3716.21568820362  80.59231
3716.25287183901  92.02179
3716.2900554744  78.26173
3716.32723910979  93.38603
3716.36442274517  78.58949
3716.40160638056  106.77
3716.43879001595  81.89546
3716.47597365133  153.123
3716.51315728672  119.2773
3716.55034092211  268.301
3716.5875245575  310.9818
3716.62470819288  224.5322
3716.66189182827  180.2466
3716.69907546366  102.6483
3716.73625909905  117.582
3716.77344273443  100.6701
3716.81062636982  104.0972
3716.84781000521  126.7283
3716.8849936406  72.13264
3716.92217727598  158.0602
3716.95936091137  187.4197
3716.99654454676  167.7495
3717.03372818215  177.7533
3717.07091181753  154.8344
3717.10809545292  201.6794
3717.14527908831  338.5152
3717.1824627237  460.6608
3717.21964635908  383.5881
3717.25682999447  132.9011
3717.29401362986  129.4757
3717.33119726525  108.1961
3717.36838090063  141.5004
3717.40556453602  159.0029
3717.44274817141  134.148
3717.4799318068  123.8157
3717.51711544218  125.3407
3717.55429907757  128.6072
3717.59148271296  110.5617
3717.62866634835  90.46153
3717.66584998373  74.83856
3717.70303361912  89.04372
3717.74021725451  108.9646
3717.7774008899  147.7253
3717.81458452528  180.9352
3717.85176816067  234.5545
3717.88895179606  217.3561
3717.92613543145  165.2931
3717.96331906683  116.3822
3718.00050270222  142.6506
3718.03768633761  179.9021
3718.074869973  619.4576
3718.11205360838  1604.8
3718.14923724377  3651.157
3718.18642087916  6932.646
3718.22360451455  10353.68
3718.26078814993  7228.771
3718.29797178532  2355.03
3718.33515542071  325.964
3718.3723390561  206.1495
3718.40952269148  162.6989
3718.44670632687  208.6812
3718.48388996226  108.2268
3718.52107359765  146.1654
3718.55825723303  159.6928
3718.59544086842  142.4134
3718.63262450381  243.1205
3718.6698081392  207.7861
3718.70699177458  193.9864
3718.74417540997  152.5116
3718.78135904536  221.1606
3718.81854268075  203.2341
3718.85572631613  194.9412
3718.89290995152  197.2563
3718.93009358691  169.1878
3718.96727722229  212.5853
3719.00446085768  132.4047
3719.04164449307  222.422
3719.07882812846  227.5344
3719.11601176384  233.9236
3719.15319539923  203.106
3719.19037903462  319.4518
3719.22756267001  166.1693
3719.26474630539  815.2157
3719.30192994078  1855.647
3719.33911357617  7575.177
3719.37629721156  16446.08
3719.41348084694  39018.21
3719.45066448233  51509.61
3719.48784811772  38825.2
3719.52503175311  11157.05
3719.56221538849  490.8499
3719.59939902388  602.1075
3719.63658265927  211.3041
3719.67376629466  324.2239
3719.71094993004  490.3617
3719.74813356543  668.2543
3719.78531720082  1078.647
3719.82250083621  2020.853
3719.85968447159  2241.395
3719.89686810698  1908.017
3719.93405174237  1101.618
3719.97123537776  1546.83
3720.00841901314  1392.473
3720.04560264853  666.3988
3720.08278628392  263.6787
3720.11996991931  239.7044
3720.15715355469  283.4657
3720.19433719008  362.8762
3720.23152082547  543.2986
3720.26870446086  700.8836
3720.30588809624  1329.513
3720.34307173163  1301.835
3720.38025536702  1375.424
3720.41743900241  1455.935
3720.45462263779  1816.658
3720.49180627318  968.5355
3720.52898990857  332.0318
3720.56617354396  168.5302
3720.60335717934  282.6708
3720.64054081473  157.9568
3720.67772445012  253.3924
3720.71490808551  285.5597
3720.75209172089  196.4383
3720.78927535628  180.1646
3720.82645899167  143.9874
3720.86364262706  136.3529
3720.90082626244  198.9424
3720.93800989783  209.6203
3720.97519353322  313.1037
3721.01237716861  315.967
3721.04956080399  370.9721
3721.08674443938  395.9297
3721.12392807477  770.8469
3721.16111171016  1664.087
3721.19829534554  3340.534
3721.23547898093  4458.833
3721.27266261632  3215.671
3721.30984625171  864.7283
3721.34702988709  475.9753
3721.38421352248  440.0656
3721.42139715787  346.8946
3721.45858079325  247.5215
3721.49576442864  326.4534
3721.53294806403  272.7007
3721.57013169942  239.0728
3721.6073153348  119.8142
3721.64449897019  299.3425
3721.68168260558  373.4025
3721.71886624097  1265.796
3721.75604987635  2589.596
3721.79323351174  7136.292
3721.83041714713  10349.55
3721.86760078252  9295.748
3721.9047844179  3221.923
3721.94196805329  379.9189
3721.97915168868  234.2034
3722.01633532407  663.4395
3722.05351895945  1399.111
3722.09070259484  3268.403
3722.12788623023  4919.277
3722.16506986562  4481.987
3722.202253501  2253.511
3722.23943713639  1060.088
3722.27662077178  333.3184
3722.31380440717  181.4021
3722.35098804255  173.2296
3722.38817167794  152.7546
3722.42535531333  177.815
3722.46253894872  206.5596
3722.4997225841  172.3191
3722.53690621949  266.1939
3722.57408985488  279.1231
3722.61127349027  355.3501
3722.64845712565  280.4329
3722.68564076104  268.3429
3722.72282439643  133.717
3722.76000803182  171.6061
3722.7971916672  176.9219
3722.83437530259  223.6352
3722.87155893798  172.0603
3722.90874257337  132.3825
3722.94592620875  201.2085
3722.98310984414  139.2409
3723.02029347953  164.2081
3723.05747711492  135.0432
3723.0946607503  158.516
3723.13184438569  179.3822
3723.16902802108  177.317
3723.20621165647  113.4647
3723.24339529185  185.538
3723.28057892724  316.279
3723.31776256263  308.0507
3723.35494619802  225.1418
3723.3921298334  203.8945
3723.42931346879  149.9782
3723.46649710418  162.9779
3723.50368073957  146.4201
3723.54086437495  172.7706
3723.57804801034  220.6667
3723.61523164573  408.5445
3723.65241528112  561.5676
3723.6895989165  609.4792
3723.72678255189  398.4514
3723.76396618728  333.3191
3723.80114982266  216.7621
3723.83833345805  291.6586
3723.87551709344  349.9305
3723.91270072883  420.3854
3723.94988436422  437.3229
3723.9870679996  284.5162
3724.02425163499  185.7195
3724.06143527038  161.1287
3724.09861890576  215.5989
3724.13580254115  207.1517
3724.17298617654  180.0813
3724.21016981193  209.9994
3724.24735344732  217.7017
3724.2845370827  225.2271
3724.32172071809  244.2783
3724.35890435348  355.1666
3724.39608798887  579.873
3724.43327162425  1161.847
3724.47045525964  2108.232
3724.50763889503  4167.449
3724.54482253041  4612.591
3724.5820061658  2642.662
3724.61918980119  757.5411
3724.65637343658  572.5961
3724.69355707196  614.5007
3724.73074070735  737.5786
3724.76792434274  494.282
3724.80510797813  321.5981
3724.84229161351  170.0602
3724.8794752489  181.6882
3724.91665888429  206.6353
3724.95384251968  171.02
3724.99102615506  206.117
3725.02820979045  178.7077
3725.06539342584  170.4519
3725.10257706123  199.0893
3725.13976069661  216.4924
3725.176944332  245.4703
3725.21412796739  255.705
3725.25131160278  281.6444
3725.28849523816  443.6367
3725.32567887355  776.4673
3725.36286250894  1911.984
3725.40004614433  2917.934
3725.43722977971  2529.039
3725.4744134151  963.7642
3725.51159705049  351.3345
3725.54878068588  314.1741
3725.58596432126  358.8163
3725.62314795665  364.2043
3725.66033159204  309.5674
3725.69751522743  379.7347
3725.73469886281  308.6658
3725.7718824982  295.1487
3725.80906613359  229.526
3725.84624976898  291.6874
3725.88343340436  265.5988
3725.92061703975  336.8993
3725.95780067514  305.2526
3725.99498431053  316.6288
3726.03216794591  216.1535
3726.0693515813  145.6389
3726.10653521669  181.4499
3726.14371885208  226.4751
3726.18090248746  186.5436
3726.21808612285  244.2478
3726.25526975824  268.5523
3726.29245339362  240.3437
3726.32963702901  173.0764
3726.3668206644  243.9814
3726.40400429979  165.5752
3726.44118793518  238.2561
3726.47837157056  196.6053
3726.51555520595  182.7296
3726.55273884134  223.107
3726.58992247672  333.7494
3726.62710611211  612.0462
3726.6642897475  1241.615
3726.70147338289  2819.207
3726.73865701827  3326.87
3726.77584065366  2413.28
3726.81302428905  893.6376
3726.85020792444  429.274
3726.88739155982  359.6078
3726.92457519521  340.8109
3726.9617588306  160.9008
3726.99894246599  271.1786
3727.03612610137  315.6664
3727.07330973676  553.923
3727.11049337215  1056.215
3727.14767700754  1943.039
3727.18486064292  2100.033
3727.22204427831  1950.981
3727.2592279137  1956.739
3727.29641154909  1871.783
3727.33359518447  1594.06
3727.37077881986  1597.422
3727.40796245525  1234.514
3727.44514609064  395.6646
3727.48232972602  559.3293
3727.51951336141  835.8086
3727.5566969968  1799.422
3727.59388063219  3502.965
3727.63106426757  4399.949
3727.66824790296  3177.467
3727.70543153835  904.9321
3727.74261517374  605.9475
3727.77979880912  1698.042
3727.81698244451  4198.195
3727.8541660799  10678.31
3727.89134971529  22615.45
3727.92853335067  26034.4
3727.96571698606  15648.39
3728.00290062145  2176.865
3728.04008425684  609.3331
3728.07726789222  238.6612
3728.11445152761  521.1791
3728.151635163  339.4036
3728.18881879839  462.7563
3728.22600243377  340.6862
3728.26318606916  275.1158
3728.30036970455  240.8146
3728.33755333994  233.4664
3728.37473697532  287.232
3728.41192061071  251.8709
3728.4491042461  242.536
3728.48628788149  300.9882
3728.52347151687  296.3284
3728.56065515226  266.1832
3728.59783878765  302.5451
3728.63502242304  367.2812
3728.67220605842  388.0919
3728.70938969381  396.8851
3728.7465733292  359.6021
3728.78375696459  343.5773
3728.82094059997  388.4264
3728.85812423536  390.6898
3728.89530787075  491.4877
3728.93249150614  554.8949
3728.96967514152  677.4565
3729.00685877691  591.2453
3729.0440424123  502.6021
3729.08122604768  540.2994
3729.11840968307  668.6308
3729.15559331846  1916.769
3729.19277695385  5789.72
3729.22996058924  14717.09
3729.26714422462  37287.29
3729.30432786001  74480.08
3729.3415114954  75485.39
3729.37869513078  39262.35
3729.41587876617  6317.332
3729.45306240156  2517.582
3729.49024603695  430.7494
3729.52742967234  1014.943
3729.56461330772  327.11
3729.60179694311  646.973
3729.6389805785  486.5443
3729.67616421389  567.2763
3729.71334784927  577.6228
3729.75053148466  561.5607
3729.78771512005  839.4517
3729.82489875543  1563.105
3729.86208239082  1923.12
3729.89926602621  1719.683
3729.9364496616  2067.544
3729.97363329698  2050.336
3730.01081693237  1338.909
3730.04800056776  402.5647
3730.08518420315  332.3712
3730.12236783853  287.1014
3730.15955147392  335.0798
3730.19673510931  344.3376
3730.2339187447  593.9156
3730.27110238008  1078.441
3730.30828601547  2513.07
3730.34546965086  5398.485
3730.38265328625  7188.401
3730.41983692163  4912.473
3730.45702055702  1581.05
3730.49420419241  290.8147
3730.5313878278  408.9617
3730.56857146318  404.8743
3730.60575509857  656.5998
3730.64293873396  793.2525
3730.68012236935  898.7721
3730.71730600473  1407.536
3730.75448964012  2049.735
3730.79167327551  1797.537
3730.8288569109  1244.257
3730.86604054628  1130.407
3730.90322418167  1163.288
3730.94040781706  982.128
3730.97759145245  655.8892
3731.01477508783  461.7667
3731.05195872322  275.3793
3731.08914235861  312.0837
3731.126325994  327.1636
3731.16350962938  338.7646
3731.20069326477  267.4334
3731.23787690016  342.0686
3731.27506053555  409.6353
3731.31224417093  660.2763
3731.34942780632  820.1307
3731.38661144171  972.5643
3731.4237950771  1108.633
3731.46097871248  821.9792
3731.49816234787  451.469
3731.53534598326  371.1628
3731.57252961864  304.0017
3731.60971325403  311.6439
3731.64689688942  428.0757
3731.68408052481  474.7242
3731.7212641602  466.7864
3731.75844779558  405.783
3731.79563143097  320.5975
3731.83281506636  296.5584
3731.86999870174  267.0576
3731.90718233713  227.3266
3731.94436597252  258.4918
3731.98154960791  279.0443
3732.0187332433  274.6569
3732.05591687868  238.3512
3732.09310051407  283.4314
3732.13028414946  264.0515
3732.16746778484  275.5365
3732.20465142023  349.6786
3732.24183505562  548.0955
3732.27901869101  538.3144
3732.31620232639  587.3364
3732.35338596178  285.952
3732.39056959717  348.9436
3732.42775323256  281.5431
3732.46493686794  364.9289
3732.50212050333  405.8291
3732.53930413872  446.2538
3732.57648777411  485.2693
3732.61367140949  309.471
3732.65085504488  290.8425
3732.68803868027  247.5563
3732.72522231566  413.1956
3732.76240595104  270.8931
3732.79958958643  319.0892
3732.83677322182  294.5637
3732.87395685721  534.3458
3732.91114049259  1018.26
3732.94832412798  2492.888
3732.98550776337  4040.188
3733.02269139876  3537.626
3733.05987503414  1501.156
3733.09705866953  370.4692
3733.13424230492  326.4254
3733.17142594031  243.7462
3733.20860957569  247.7236
3733.24579321108  233.0825
3733.28297684647  302.755
3733.32016048186  385.7754
3733.35734411724  521.4642
3733.39452775263  468.5506
3733.43171138802  377.7012
3733.46889502341  245.0531
3733.50607865879  412.7411
3733.54326229418  512.2133
3733.58044592957  1266.63
3733.61762956496  2699.646
3733.65481320034  6362.841
3733.69199683573  7416.304
3733.72918047112  4429.117
3733.76636410651  1096.445
3733.80354774189  280.7765
3733.84073137728  335.2246
3733.87791501267  332.0477
3733.91509864806  298.8667
3733.95228228344  384.8295
3733.98946591883  340.2964
3734.02664955422  274.2007
3734.06383318961  313.8877
3734.10101682499  255.9331
3734.13820046038  339.025
3734.17538409577  360.6257
3734.21256773116  320.1373
3734.24975136654  354.8373
3734.28693500193  329.1674
3734.32411863732  320.3057
3734.36130227271  244.3278
3734.39848590809  363.112
3734.43566954348  294.9713
3734.47285317887  431.2628
3734.51003681426  460.0975
3734.54722044964  972.2526
3734.58440408503  1633.874
3734.62158772042  2076.373
3734.6587713558  1467.96
3734.69595499119  763.8152
3734.73313862658  686.3107
3734.77032226197  431.0997
3734.80750589735  382.0685
3734.84468953274  369.412
3734.88187316813  460.3828
3734.91905680352  370.0298
3734.9562404389  255.0457
3734.99342407429  272.8774
3735.03060770968  266.0601
3735.06779134507  265.5746
3735.10497498045  267.622
3735.14215861584  240.8957
3735.17934225123  204.936
3735.21652588662  308.3347
3735.253709522  356.9037
3735.29089315739  443.6024
3735.32807679278  464.3109
3735.36526042817  800.8639
3735.40244406355  925.3408
3735.43962769894  1538.722
3735.47681133433  2294.723
3735.51399496972  2576.324
3735.5511786051  1776.563
3735.58836224049  452.3524
3735.62554587588  313.1983
3735.66272951127  276.5743
3735.69991314665  310.8929
3735.73709678204  292.0272
3735.77428041743  341.4081
3735.81146405282  321.0085
3735.8486476882  376.5856
3735.88583132359  301.9851
3735.92301495898  310.4348
3735.96019859437  264.5916
3735.99738222975  322.3723
3736.03456586514  334.3372
3736.07174950053  444.4376
3736.10893313592  657.3137
3736.1461167713  695.5264
3736.18330040669  592.3903
3736.22048404208  338.2549
3736.25766767746  314.1063
3736.29485131285  237.7117
3736.33203494824  309.7093
3736.36921858363  327.265
3736.40640221902  353.9451
3736.4435858544  559.0377
3736.48076948979  779.5045
3736.51795312518  1119.815
3736.55513676057  1061.753
3736.59232039595  773.3909
3736.62950403134  634.7432
3736.66668766673  573.346
3736.70387130212  510.882
3736.7410549375  432.7859
3736.77823857289  539.0031
3736.81542220828  564.3497
3736.85260584366  689.2759
3736.88978947905  599.4915
3736.92697311444  706.8806
3736.96415674983  711.0928
3737.00134038521  439.0432
3737.0385240206  352.2267
3737.07570765599  525.1409
3737.11289129138  772.4615
3737.15007492676  1128.318
3737.18725856215  1374.332
3737.22444219754  1318.067
3737.26162583293  1121.047
3737.29880946831  644.5464
3737.3359931037  871.8742
3737.37317673909  630.113
3737.41036037448  1936.978
3737.44754400986  3905.734
3737.48472764525  11923.74
3737.52191128064  17607.86
3737.55909491603  13700.26
3737.59627855142  4354.568
3737.6334621868  1226.661
3737.67064582219  994.1453
3737.70782945758  1232.951
3737.74501309296  2287.236
3737.78219672835  8732.728
3737.81938036374  21962.25
3737.85656399913  61525.67
3737.89374763451  103343.
3737.9309312699  96099.56
3737.96811490529  34904.11
3738.00529854068  4002.371
3738.04248217606  1844.585
3738.07966581145  916.3486
3738.11684944684  1258.792
3738.15403308223  944.4982
3738.19121671761  869.3993
3738.228400353  495.8531
3738.26558398839  693.3381
3738.30276762378  681.7035
3738.33995125916  1147.798
3738.37713489455  1252.177
3738.41431852994  1064.771
3738.45150216533  747.1263
3738.48868580071  606.2633
3738.5258694361  435.3274
3738.56305307149  452.1272
3738.60023670688  429.8351
3738.63742034226  591.8088
3738.67460397765  622.506
3738.71178761304  803.9191
3738.74897124843  1272.86
3738.78615488381  1529.946
3738.8233385192  3131.27
3738.86052215459  3874.621
3738.89770578998  3122.546
3738.93488942536  972.155
3738.97207306075  358.9014
3739.00925669614  405.6813
3739.04644033152  364.0471
3739.08362396691  424.3036
3739.1208076023  399.2571
3739.15799123769  752.032
3739.19517487308  919.7236
3739.23235850846  1225.045
3739.26954214385  965.3458
3739.30672577924  494.4745
3739.34390941463  378.3536
3739.38109305001  287.6148
3739.4182766854  357.2751
3739.45546032079  343.6822
3739.49264395617  367.3896
3739.52982759156  435.4424
3739.56701122695  368.3686
3739.60419486234  498.6553
3739.64137849772  796.7711
3739.67856213311  1249.807
3739.7157457685  1209.987
3739.75292940389  816.2589
3739.79011303927  383.8808
3739.82729667466  413.8486
3739.86448031005  305.9039
3739.90166394544  363.8618
3739.93884758082  333.5287
3739.97603121621  387.319
3740.0132148516  455.3673
3740.05039848699  870.2127
3740.08758212238  1529.936
3740.12476575776  2841.494
3740.16194939315  2971.275
3740.19913302854  1978.433
3740.23631666392  790.4019
3740.27350029931  488.9131
3740.3106839347  473.2791
3740.34786757009  449.7502
3740.38505120547  771.3894
3740.42223484086  890.5572
3740.45941847625  747.2845
3740.49660211164  478.9866
3740.53378574702  423.2154
3740.57096938241  412.5735
3740.6081530178  436.3361
3740.64533665319  488.1052
3740.68252028857  505.3089
3740.71970392396  734.3919
3740.75688755935  849.4717
3740.79407119474  1110.574
3740.83125483012  2226.664
3740.86843846551  2975.36
3740.9056221009  2270.571
3740.94280573629  1060.884
3740.97998937167  571.1422
3741.01717300706  1160.33
3741.05435664245  1988.994
3741.09154027784  7040.875
3741.12872391322  22583.36
3741.16590754861  64036.87
3741.203091184  79436.1
3741.24027481939  49954.28
3741.27745845477  7829.421
3741.31464209016  1836.563
3741.35182572555  1393.038
3741.38900936094  2233.813
3741.42619299632  1489.537
3741.46337663171  880.5388
3741.5005602671  514.9554
3741.53774390248  563.2578
3741.57492753787  457.9488
3741.61211117326  433.4013
3741.64929480865  470.1605
3741.68647844404  545.1022
3741.72366207942  415.8268
3741.76084571481  522.9354
3741.7980293502  456.4407
3741.83521298558  654.036
3741.87239662097  929.4448
3741.90958025636  1032.381
3741.94676389175  797.4131
3741.98394752714  802.9893
3742.02113116252  1313.722
3742.05831479791  1343.317
3742.0954984333  1214.895
3742.13268206869  724.1679
3742.16986570407  648.5813
3742.20704933946  846.7159
3742.24423297485  1370.467
3742.28141661023  1293.125
3742.31860024562  870.4319
3742.35578388101  582.3567
3742.3929675164  437.7447
3742.43015115178  456.8952
3742.46733478717  448.6439
3742.50451842256  400.8018
3742.54170205795  587.3417
3742.57888569333  615.9147
3742.61606932872  527.7902
3742.65325296411  448.9626
3742.6904365995  535.8424
3742.72762023488  550.8406
3742.76480387027  773.0505
3742.80198750566  2221.148
3742.83917114105  6866.132
3742.87635477644  23801.22
3742.91353841182  55842.93
3742.95072204721  60296.01
3742.9879056826  31601.29
3743.02508931798  3214.137
3743.06227295337  1184.363
3743.09945658876  223.4048
3743.13664022415  808.3998
3743.17382385953  258.3176
3743.21100749492  657.8894
3743.24819113031  279.9808
3743.2853747657  470.6568
3743.32255840108  300.0999
3743.35974203647  522.9291
3743.39692567186  466.569
3743.43410930725  529.4301
3743.47129294263  955.5412
3743.50847657802  1337.185
3743.54566021341  1123.13
3743.5828438488  714.4995
3743.62002748418  373.5739
3743.65721111957  463.4356
3743.69439475496  688.377
3743.73157839035  1189.26
3743.76876202573  1946.359
3743.80594566112  2066.463
3743.84312929651  1458.226
3743.8803129319  1143.751
3743.91749656728  902.9088
3743.95468020267  695.7056
3743.99186383806  384.2353
3744.02904747345  437.6753
3744.06623110883  397.2242
3744.10341474422  409.4397
3744.14059837961  421.9304
3744.177782015  281.7263
3744.21496565038  451.6317
3744.25214928577  490.2151
3744.28933292116  709.0237
3744.32651655655  565.2341
3744.36370019193  450.4664
3744.40088382732  297.7327
3744.43806746271  329.4325
3744.4752510981  430.5563
3744.51243473348  646.7787
3744.54961836887  808.0632
3744.58680200426  817.6937
3744.62398563964  882.624
3744.66116927503  1069.835
3744.69835291042  1421.95
3744.73553654581  2214.949
3744.77272018119  2096.317
3744.80990381658  1570.191
3744.84708745197  1452.624
3744.88427108736  2850.747
3744.92145472274  3277.084
3744.95863835813  2352.176
3744.99582199352  874.1193
3745.03300562891  419.9792
3745.07018926429  640.8578
3745.10737289968  1124.917
3745.14455653507  2673.307
3745.18174017046  3850.035
3745.21892380584  3519.338
3745.25610744123  1569.874
3745.29329107662  643.3129
3745.33047471201  611.6413
3745.36765834739  628.613
3745.40484198278  647.1627
3745.44202561817  638.7206
3745.47920925356  758.8481
3745.51639288894  632.4241
3745.55357652433  1170.383
3745.59076015972  2050.369
3745.62794379511  6013.203
3745.66512743049  9248.756
3745.70231106588  7539.58
3745.73949470127  2661.596
3745.77667833666  690.4249
3745.81386197204  766.8705
3745.85104560743  1165.838
3745.88822924282  2120.219
3745.92541287821  7256.346
3745.96259651359  15089.97
3745.99978014898  16058.32
3746.03696378437  7707.799
3746.07414741976  816.1656
3746.11133105514  580.9641
3746.14851469053  502.4033
3746.18569832592  1203.562
3746.22288196131  1454.844
3746.26006559669  1585.76
3746.29724923208  775.9796
3746.33443286747  903.3
3746.37161650286  1318.758
3746.40880013824  3304.969
3746.44598377363  5782.91
3746.48316740902  6257.779
3746.52035104441  3081.067
3746.55753467979  705.2395
3746.59471831518  567.7335
3746.63190195057  423.6158
3746.66908558596  398.5767
3746.70626922134  346.092
3746.74345285673  353.1927
3746.78063649212  411.2845
3746.8178201275  457.1616
3746.85500376289  739.1442
3746.89218739828  1325.929
3746.92937103367  1908.932
3746.96655466906  1567.125
3747.00373830444  812.0997
3747.04092193983  951.1398
3747.07810557522  1126.125
3747.1152892106  1136.283
3747.15247284599  824.2417
3747.18965648138  788.4753
3747.22684011677  673.5729
3747.26402375216  640.894
3747.30120738754  554.8936
3747.33839102293  412.1725
3747.37557465832  387.0927
3747.4127582937  535.3967
3747.44994192909  872.8896
3747.48712556448  2717.333
3747.52430919987  7183.059
3747.56149283526  8272.945
3747.59867647064  5127.269
3747.63586010603  879.068
3747.67304374142  500.5077
3747.7102273768  435.9796
3747.74741101219  516.433
3747.78459464758  377.4127
3747.82177828297  458.5132
3747.85896191835  468.1948
3747.89614555374  478.7209
3747.93332918913  451.0897
3747.97051282452  455.2196
3748.0076964599  398.4991
3748.04488009529  492.4213
3748.08206373068  540.553
3748.11924736607  621.7272
3748.15643100145  614.2968
3748.19361463684  616.6425
3748.23079827223  1086.203
3748.26798190762  1931.021
3748.305165543  2103.53
3748.34234917839  1541.734
3748.37953281378  545.6945
3748.41671644917  392.6393
3748.45390008455  335.6989
3748.49108371994  419.1798
3748.52826735533  381.907
3748.56545099072  376.158
3748.6026346261  411.5445
3748.63981826149  358.1111
3748.67700189688  351.64
3748.71418553227  409.0901
3748.75136916765  454.6508
3748.78855280304  716.5032
3748.82573643843  920.1156
3748.86292007382  1079.836
3748.9001037092  921.0157
3748.93728734459  1090.676
3748.97447097998  2026.282
3749.01165461537  3122.637
3749.04883825075  6378.823
3749.08602188614  8907.927
3749.12320552153  7945.663
3749.16038915692  3225.078
3749.1975727923  1454.55
3749.23475642769  1187.12
3749.27194006308  883.5765
3749.30912369847  695.2081
3749.34630733385  665.5204
3749.38349096924  718.9221
3749.42067460463  821.4285
3749.45785824001  972.8804
3749.4950418754  1853.683
3749.53222551079  2298.428
3749.56940914618  2967.11
3749.60659278157  4373.132
3749.64377641695  4387.922
3749.68096005234  2571.33
3749.71814368773  774.8433
3749.75532732312  824.5662
3749.7925109585  657.0856
3749.82969459389  524.2188
3749.86687822928  457.3883
3749.90406186466  397.7881
3749.94124550005  441.3697
3749.97842913544  460.5717
3750.01561277083  396.8235
3750.05279640621  380.6526
3750.0899800416  476.3338
3750.12716367699  555.3887
3750.16434731238  555.3318
3750.20153094776  604.3489
3750.23871458315  672.081
3750.27589821854  581.1469
3750.31308185393  584.2886
3750.35026548931  479.7107
3750.3874491247  1056.723
3750.42463276009  2474.089
3750.46181639548  8179.69
3750.49900003086  12432.42
3750.53618366625  9729.644
3750.57336730164  2793.664
3750.61055093703  936.8522
3750.64773457241  1280.276
3750.6849182078  1663.36
3750.72210184319  1328.004
3750.75928547858  734.1385
3750.79646911396  394.0914
3750.83365274935  673.1441
3750.87083638474  422.0397
3750.90802002013  1447.962
3750.94520365551  3348.954
3750.9823872909  14670.71
3751.01957092629  27449.82
3751.05675456168  27185.89
3751.09393819706  12725.9
3751.13112183245  3767.125
3751.16830546784  3350.887
3751.20548910323  779.8566
3751.24267273861  656.3787
3751.279856374  491.6571
3751.31704000939  711.0813
3751.35422364478  595.2807
3751.39140728016  574.5759
3751.42859091555  428.5055
3751.46577455094  351.3369
3751.50295818633  434.3088
3751.54014182171  343.8325
3751.5773254571  358.632
3751.61450909249  411.5978
3751.65169272788  420.1405
3751.68887636326  510.2996
3751.72605999865  509.6693
3751.76324363404  709.5222
3751.80042726943  543.2032
3751.83761090481  476.0741
3751.8747945402  405.5327
3751.91197817559  515.4879
3751.94916181098  507.3006
3751.98634544636  417.2198
3752.02352908175  356.9219
3752.06071271714  375.4727
3752.09789635253  391.6099
3752.13507998791  431.5305
3752.1722636233  384.3164
3752.20944725869  452.983
3752.24663089408  493.9261
3752.28381452946  484.3712
3752.32099816485  592.0917
3752.35818180024  468.4812
3752.39536543562  438.3576
3752.43254907101  509.9514
3752.4697327064  1034.695
3752.50691634179  4503.242
3752.54409997718  13505.82
3752.58128361256  20500.99
3752.61846724795  12707.43
3752.65565088334  2338.064
3752.69283451872  942.7772
3752.73001815411  719.753
3752.7672017895  1782.062
3752.80438542489  2008.958
3752.84156906027  1734.354
3752.87875269566  652.2831
3752.91593633105  544.8242
3752.95311996644  536.0853
3752.99030360182  546.7684
3753.02748723721  479.0583
3753.0646708726  563.5393
3753.10185450799  491.8054
3753.13903814338  812.8274
3753.17622177876  1627.311
3753.21340541415  5160.961
3753.25058904954  7500.956
3753.28777268492  6018.953
3753.32495632031  2029.678
3753.3621399557  938.3377
3753.39932359109  1595.957
3753.43650722647  3169.157
3753.47369086186  12384.4
3753.51087449725  23319.41
3753.54805813264  26203.1
3753.58524176802  11795.78
3753.62242540341  1704.171
3753.6596090388  860.0767
3753.69679267419  567.2574
3753.73397630957  662.0518
3753.77115994496  475.5437
3753.80834358035  596.2371
3753.84552721574  554.3762
3753.88271085112  641.3255
3753.91989448651  869.0701
3753.9570781219  2305.21
3753.99426175729  7489.326
3754.03144539267  15343.65
3754.06862902806  16230.12
3754.10581266345  7693.582
3754.14299629884  1470.608
3754.18017993422  705.2055
3754.21736356961  478.3175
3754.254547205  1016.491
3754.29173084039  1383.171
3754.32891447577  1279.367
3754.36609811116  720.8677
3754.40328174655  586.3029
3754.44046538194  408.0015
3754.47764901732  849.2438
3754.51483265271  1705.12
3754.5520162881  8752.361
3754.58919992349  18096.24
3754.62638355887  17415.87
3754.66356719426  7910.624
3754.70075082965  589.76
3754.73793446504  795.5394
3754.77511810042  411.1763
3754.81230173581  927.9763
3754.8494853712  798.9271
3754.88666900659  784.4547
3754.92385264197  510.0561
3754.96103627736  509.5437
3754.99821991275  391.7939
3755.03540354813  577.2887
3755.07258718352  330.5688
3755.10977081891  1032.772
3755.1469544543  2298.833
3755.18413808968  9901.036
3755.22132172507  15193.47
3755.25850536046  11956.52
3755.29568899585  3412.065
3755.33287263124  495.7352
3755.37005626662  543.8196
3755.40723990201  663.8604
3755.4444235374  855.1106
3755.48160717278  1002.144
3755.51879080817  1011.339
3755.55597444356  578.897
3755.59315807895  467.5646
3755.63034171433  468.7325
3755.66752534972  350.4334
3755.70470898511  413.5771
3755.7418926205  392.1034
3755.77907625588  426.4083
3755.81625989127  488.5233
3755.85344352666  551.1859
3755.89062716205  946.2377
3755.92781079743  1154.743
3755.96499443282  2979.585
3756.00217806821  3396.328
3756.0393617036  2630.144
3756.07654533898  837.3464
3756.11372897437  566.6425
3756.15091260976  336.2721
3756.18809624515  602.6459
3756.22527988053  1312.439
3756.26246351592  4605.333
3756.29964715131  8103.793
3756.3368307867  6769.869
3756.37401442208  2540.565
3756.41119805747  1147.733
3756.44838169286  1452.441
3756.48556532825  1146.036
3756.52274896363  901.0674
3756.55993259902  745.8777
3756.59711623441  745.9583
3756.6342998698  864.1727
3756.67148350518  1029.353
3756.70866714057  868.1888
3756.74585077596  852.1503
3756.78303441135  711.8121
3756.82021804673  498.6345
3756.85740168212  395.6313
3756.89458531751  495.0749
3756.9317689529  479.2662
3756.96895258828  518.1691
3757.00613622367  537.5276
3757.04331985906  385.3405
3757.08050349445  409.7675
3757.11768712983  401.3958
3757.15487076522  372.4855
3757.19205440061  442.1059
3757.229238036  418.3405
3757.26642167138  359.3916
3757.30360530677  455.8627
3757.34078894216  536.1683
3757.37797257755  531.5648
3757.41515621293  446.1242
3757.45233984832  524.9032
3757.48952348371  658.4137
3757.5267071191  886.3566
3757.56389075448  758.6844
3757.60107438987  1260.54
3757.63825802526  4143.514
3757.67544166065  13517.61
3757.71262529603  17222.85
3757.74980893142  11387.44
3757.78699256681  1824.169
3757.82417620219  832.9993
3757.86135983758  486.3194
3757.89854347297  610.9601
3757.93572710836  398.0866
3757.97291074374  625.2391
3758.01009437913  395.2896
3758.04727801452  526.0305
3758.08446164991  491.6619
3758.12164528529  515.8658
3758.15882892068  426.6994
3758.19601255607  601.1566
3758.23319619146  561.5299
3758.27037982684  711.0425
3758.30756346223  715.2315
3758.34474709762  1657.822
3758.38193073301  3237.784
3758.4191143684  12007.17
3758.45629800378  28715.72
3758.49348163917  31208.89
3758.53066527456  16023.43
3758.56784890994  1528.338
3758.60503254533  904.9576
3758.64221618072  1154.764
3758.67939981611  4212.915
3758.71658345149  5288.463
3758.75376708688  4612.486
3758.79095072227  1366.198
3758.82813435766  832.3752
3758.86531799304  747.1243
3758.90250162843  742.5423
3758.93968526382  541.3805
3758.97686889921  562.0084
3759.01405253459  491.5198
3759.05123616998  585.9564
3759.08841980537  545.2272
3759.12560344076  669.5787
3759.16278707614  657.711
3759.19997071153  2255.959
3759.23715434692  7676.938
3759.27433798231  16610.66
3759.31152161769  21088.74
3759.34870525308  15938.77
3759.38588888847  8692.179
3759.42307252386  8356.938
3759.46025615924  9275.637
3759.49743979463  4735.529
3759.53462343002  769.4484
3759.57180706541  640.0997
3759.60899070079  414.6795
3759.64617433618  341.919
3759.68335797157  454.5893
3759.72054160696  382.5417
3759.75772524234  405.5459
3759.79490887773  343.3983
3759.83209251312  531.3361
3759.86927614851  493.2802
3759.90645978389  623.3604
3759.94364341928  518.6602
3759.98082705467  382.3451
3760.01801069006  444.6733
3760.05519432544  382.7154
3760.09237796083  593.5847
3760.12956159622  625.3881
3760.16674523161  622.6676
3760.20392886699  651.2082
3760.24111250238  1546.767
3760.27829613777  2475.769
3760.31547977315  2114.242
3760.35266340854  1003.864
3760.38984704393  472.1853
3760.42703067932  494.3442
3760.4642143147  533.9308
3760.50139795009  556.3091
3760.53858158548  537.373
3760.57576522087  436.0162
3760.61294885625  385.0421
3760.65013249164  403.113
3760.68731612703  298.9534
3760.72449976242  404.7009
3760.7616833978  460.6821
3760.79886703319  607.4045
3760.83605066858  637.5605
3760.87323430397  481.7572
3760.91041793935  282.8396
3760.94760157474  360.431
3760.98478521013  388.6798
3761.02196884552  330.1487
3761.0591524809  1221.302
3761.09633611629  2202.004
3761.13351975168  2370.144
3761.17070338707  1452.455
3761.20788702245  1121.972
3761.24507065784  1508.309
3761.28225429323  3977.63
3761.31943792862  6036.207
3761.356621564  5575.077
3761.39380519939  1917.035
3761.43098883478  3027.711
3761.46817247017  5958.487
3761.50535610555  6976.143
3761.54253974094  4192.921
3761.57972337633  1794.55
3761.61690701172  680.4119
3761.6540906471  991.5635
3761.69127428249  2159.898
3761.72845791788  2543.066
3761.76564155327  1577.622
3761.80282518865  507.2482
3761.84000882404  444.4457
3761.87719245943  616.3737
3761.91437609482  720.2807
3761.9515597302  624.5371
3761.98874336559  447.9799
3762.02592700098  396.3519
3762.06311063637  445.1619
3762.10029427175  461.7132
3762.13747790714  449.5949
3762.17466154253  512.601
3762.21184517792  560.9271
3762.2490288133  721.915
3762.28621244869  749.2612
3762.32339608408  734.5243
3762.36057971947  543.6212
3762.39776335485  757.5287
3762.43494699024  759.8273
3762.47213062563  685.8393
3762.50931426102  419.812
3762.5464978964  391.3198
3762.58368153179  402.4289
3762.62086516718  625.606
3762.65804880257  653.3647
3762.69523243795  789.3864
3762.73241607334  656.9431
3762.76959970873  1252.309
3762.80678334412  2210.408
3762.8439669795  7412.592
3762.88115061489  16245.45
3762.91833425028  27742.39
3762.95551788567  24303.3
3762.99270152105  12565.1
3763.02988515644  1297.295
3763.06706879183  890.0133
3763.10425242721  492.6127
3763.1414360626  783.2183
3763.17861969799  442.132
3763.21580333338  589.5457
3763.25298696876  594.3094
3763.29017060415  1034.607
3763.32735423954  1174.773
3763.36453787493  1055.894
3763.40172151031  781.5489
3763.4389051457  1952.151
3763.47608878109  8568.241
3763.51327241648  13492.46
3763.55045605186  11259.87
3763.58763968725  3646.146
3763.62482332264  1435.787
3763.66200695803  1389.176
3763.69919059341  1378.479
3763.7363742288  1063.715
3763.77355786419  593.9627
3763.81074149958  511.5378
3763.84792513496  499.7047
3763.88510877035  335.1417
3763.92229240574  417.7081
3763.95947604113  426.8405
3763.99665967651  592.7361
3764.0338433119  1012.454
3764.07102694729  1181.249
3764.10821058268  792.2324
3764.14539421806  719.8893
3764.18257785345  1112.872
3764.21976148884  1276.069
3764.25694512423  888.2881
3764.29412875961  388.8969
3764.331312395  406.7184
3764.36849603039  580.8973
3764.40567966578  706.053
3764.44286330116  709.4138
3764.48004693655  621.4258
3764.51723057194  425.7085
3764.55441420733  407.4907
3764.59159784271  420.6345
3764.6287814781  590.5735
3764.66596511349  642.8965
3764.70314874888  576.6089
3764.74033238426  430.0487
3764.77751601965  568.0809
3764.81469965504  587.099
3764.85188329043  752.7996
3764.88906692581  584.7993
3764.9262505612  713.1358
3764.96343419659  468.3065
3765.00061783198  924.9603
3765.03780146736  748.8586
3765.07498510275  1554.502
3765.11216873814  776.6597
3765.14935237353  3063.585
3765.18653600891  7925.547
3765.2237196443  51791.12
3765.26090327969  114985.8
3765.29808691508  127530.4
3765.33527055046  61620.87
3765.37245418585  15488.95
3765.40963782124  20414.13
3765.44682145663  18310.14
3765.48400509201  7672.895
3765.5211887274  760.2286
3765.55837236279  1297.024
3765.59555599817  619.8076
3765.63273963356  817.2222
3765.66992326895  867.7614
3765.70710690434  1204.549
3765.74429053972  976.3756
3765.78147417511  797.278
3765.8186578105  660.0684
3765.85584144589  848.7675
3765.89302508127  549.1868
3765.93020871666  841.8865
3765.96739235205  368.7123
3766.00457598744  1856.501
3766.04175962282  5593.8
3766.07894325821  31644.97
3766.1161268936  61834.77
3766.15331052899  62049.66
3766.19049416437  24034.94
3766.22767779976  1731.543
3766.26486143515  1271.704
3766.30204507054  144.7682
3766.33922870592  809.9387
3766.37641234131  570.1264
3766.4135959767  1483.497
3766.45077961209  1917.371
3766.48796324747  1872.251
3766.52514688286  727.7739
3766.56233051825  437.9229
3766.59951415364  351.0947
3766.63669778902  371.1231
3766.67388142441  359.9162
3766.7110650598  420.2169
3766.74824869519  341.009
3766.78543233057  282.5737
3766.82261596596  353.7168
3766.85979960135  327.2604
3766.89698323674  373.5426
3766.93416687212  339.7257
3766.97135050751  298.761
3767.0085341429  387.3177
3767.04571777829  627.838
3767.08290141367  876.5787
3767.12008504906  719.8589
3767.15726868445  637.2672
3767.19445231984  610.4778
3767.23163595522  654.8238
3767.26881959061  502.7598
3767.306003226  309.7181
3767.34318686139  341.5283
3767.38037049677  280.8624
3767.41755413216  321.39
3767.45473776755  603.6662
3767.49192140294  703.3759
3767.52910503832  802.9677
3767.56628867371  626.0349
3767.6034723091  626.0518
3767.64065594449  560.8314
3767.67783957987  517.1976
3767.71502321526  426.6409
3767.75220685065  288.705
3767.78939048604  326.8183
3767.82657412142  550.4932
3767.86375775681  2266.608
3767.9009413922  4145.486
3767.93812502759  4035.471
3767.97530866297  1683.2
3768.01249229836  1017.815
3768.04967593375  1075.622
3768.08685956914  961.1635
3768.12404320452  470.6064
3768.16122683991  252.5519
3768.1984104753  295.1141
3768.23559411068  290.293
3768.27277774607  290.3848
3768.30996138146  262.7919
3768.34714501685  214.3739
3768.38432865223  473.0171
3768.42151228762  884.6333
3768.45869592301  1054.387
3768.4958795584  688.2982
3768.53306319378  294.0714
3768.57024682917  222.1256
3768.60743046456  254.4013
3768.64461409995  339.4944
3768.68179773533  421.6354
3768.71898137072  467.2743
3768.75616500611  372.9957
3768.7933486415  355.7146
3768.83053227688  416.3021
3768.86771591227  390.2508
3768.90489954766  315.848
3768.94208318305  284.1334
3768.97926681843  230.5038
3769.01645045382  253.8872
3769.05363408921  281.8711
3769.0908177246  318.2289
3769.12800135998  323.7463
3769.16518499537  334.0479
3769.20236863076  264.668
3769.23955226615  410.8147
3769.27673590153  351.2938
3769.31391953692  340.1328
3769.35110317231  339.551
3769.3882868077  287.1758
3769.42547044308  272.1564
3769.46265407847  348.8931
3769.49983771386  377.9832
3769.53702134925  1617.992
3769.57420498463  4279.658
3769.61138862002  5575.248
3769.64857225541  3619.028
3769.6857558908  994.52
3769.72293952618  881.2361
3769.76012316157  417.811
3769.79730679696  461.1629
3769.83449043235  298.5051
3769.87167406773  504.6985
3769.90885770312  182.8893
3769.94604133851  621.6329
3769.9832249739  957.9192
3770.02040860928  7600.973
3770.05759224467  13215.33
3770.09477588006  12088.83
3770.13195951545  4074.999
3770.16914315083  488.6557
3770.20632678622  478.416
3770.24351042161  388.4174
3770.28069405699  412.3033
3770.31787769238  1833.969
3770.35506132777  4150.601
3770.39224496316  4963.605
3770.42942859855  2945.149
3770.46661223393  4333.172
3770.50379586932  11690.97
3770.54097950471  13847.65
3770.5781631401  8380.488
3770.61534677548  1118.719
3770.65253041087  605.5487
3770.68971404626  344.392
3770.72689768165  593.6517
3770.76408131703  477.6638
3770.80126495242  518.25
3770.83844858781  368.0687
3770.8756322232  423.0654
3770.91281585858  346.0907
3770.94999949397  415.9896
3770.98718312936  368.8488
3771.02436676474  540.9622
3771.06155040013  505.1167
3771.09873403552  693.31
3771.13591767091  390.3565
3771.17310130629  769.7806
3771.21028494168  274.451
3771.24746857707  1394.844
3771.28465221246  2189.609
3771.32183584784  30184.98
3771.35901948323  83817.4
3771.39620311862  93131.39
3771.43338675401  44456.18
3771.47057038939  1283.766
3771.50775402478  1988.832
3771.54493766017  -199.3461
3771.58212129556  2116.381
3771.61930493094  2082.618
3771.65648856633  2448.675
3771.69367220172  929.7167
3771.73085583711  478.3907
3771.76803947249  254.6743
3771.80522310788  379.8161
3771.84240674327  269.3806
3771.87959037866  254.8117
3771.91677401404  236.5971
3771.95395764943  282.3436
3771.99114128482  291.9404
3772.02832492021  269.5956
3772.06550855559  282.3641
3772.10269219098  306.9138
3772.13987582637  328.0432
3772.17705946176  426.7776
3772.21424309714  728.6282
3772.25142673253  924.3207
3772.28861036792  667.894
3772.32579400331  275.4443
3772.36297763869  235.7074
3772.40016127408  203.9024
3772.43734490947  259.6667
3772.47452854486  237.2965
3772.51171218024  246.1251
3772.54889581563  244.2519
3772.58607945102  692.0499
3772.62326308641  2368.582
3772.66044672179  3255.254
3772.69763035718  2590.62
3772.73481399257  520.6774
3772.77199762795  270.7993
3772.80918126334  178.9629
3772.84636489873  259.8579
3772.88354853412  228.5092
3772.92073216951  223.5423
3772.95791580489  219.1676
3772.99509944028  393.2604
3773.03228307567  555.1931
3773.06946671105  585.2729
3773.10665034644  422.0931
3773.14383398183  221.8655
3773.18101761722  190.1958
3773.21820125261  142.8537
3773.25538488799  213.2259
3773.29256852338  405.3415
3773.32975215877  498.1891
3773.36693579416  440.5289
3773.40411942954  174.3443
3773.44130306493  293.0573
3773.47848670032  220.5676
3773.5156703357  255.6186
3773.55285397109  215.2986
3773.59003760648  276.8487
3773.62722124187  237.1173
3773.66440487725  191.6059
3773.70158851264  437.5195
3773.73877214803  1161.281
3773.77595578342  1298.402
3773.8131394188  957.112
3773.85032305419  256.4253
3773.88750668958  243.1953
3773.92469032497  125.7141
3773.96187396035  164.9934
3773.99905759574  138.8598
3774.03624123113  159.9684
3774.07342486652  162.6786
3774.1106085019  267.035
3774.14779213729  353.1159
3774.18497577268  626.8675
3774.22215940807  751.6663
3774.25934304345  471.864
3774.29652667884  266.3623
3774.33371031423  170.6521
3774.37089394962  161.4832
3774.408077585  174.7461
3774.44526122039  228.1448
3774.48244485578  277.2314
3774.51962849117  379.2281
3774.55681212655  291.1602
3774.59399576194  203.5666
3774.63117939733  189.1674
3774.66836303272  214.2494
3774.7055466681  484.502
3774.74273030349  589.5604
3774.77991393888  542.8644
3774.81709757427  228.974
3774.85428120965  159.0755
3774.89146484504  160.6348
3774.92864848043  186.7503
3774.96583211582  224.5867
3775.0030157512  232.1117
3775.04019938659  167.5985
3775.07738302198  133.4618
3775.11456665737  198.1185
3775.15175029275  242.8115
3775.18893392814  304.7387
3775.22611756353  178.4165
3775.26330119892  168.6869
3775.3004848343  228.022
3775.33766846969  255.184
3775.37485210508  404.9864
3775.41203574047  731.184
3775.44921937585  907.3433
3775.48640301124  593.2982
3775.52358664663  233.6659
3775.56077028201  346.3208
3775.5979539174  294.3869
3775.63513755279  211.4467
3775.67232118818  93.31536
3775.70950482357  150.0256
3775.74668845895  150.4875
3775.78387209434  214.2724
3775.82105572973  185.0166
3775.85823936511  275.4292
3775.8954230005  303.9906
3775.93260663589  290.3941
3775.96979027128  327.8769
3776.00697390667  105.0763
3776.04415754205  165.453
3776.08134117744  136.1065
3776.11852481283  107.0516
3776.15570844822  162.1338
3776.1928920836  244.6318
3776.23007571899  1689.054
3776.26725935438  3471.009
3776.30444298976  3514.16
3776.34162662515  1289.678
3776.37881026054  212.4857
3776.41599389593  145.279
3776.45317753131  175.1826
3776.4903611667  352.8392
3776.52754480209  452.0206
3776.56472843748  397.0697
3776.60191207286  653.571
3776.63909570825  714.9009
3776.67627934364  575.9844
3776.71346297903  187.2117
3776.75064661441  102.1113
3776.7878302498  119.5663
3776.82501388519  200.6201
3776.86219752058  159.7571
3776.89938115596  134.5508
3776.93656479135  141.1997
3776.97374842674  94.65209
3777.01093206213  80.33731
3777.04811569751  82.55744
3777.0852993329  93.96812
3777.12248296829  152.8854
3777.15966660368  318.5509
3777.19685023906  392.7882
3777.23403387445  252.9517
3777.27121750984  167.9187
3777.30840114523  153.3753
3777.34558478061  172.9845
3777.382768416  529.1926
3777.41995205139  918.2961
3777.45713568678  698.2343
3777.49431932216  306.4951
3777.53150295755  322.6976
3777.56868659294  271.0255
3777.60587022833  228.2439
3777.64305386371  143.9357
3777.6802374991  239.3502
3777.71742113449  302.1319
3777.75460476988  358.795
3777.79178840526  294.2708
3777.82897204065  181.9342
3777.86615567604  117.2214
3777.90333931143  139.659
3777.94052294681  102.5275
3777.9777065822  101.422
3778.01489021759  185.6342
3778.05207385297  259.3902
3778.08925748836  395.055
3778.12644112375  157.5696
3778.16362475914  97.51462
3778.20080839453  56.87038
3778.23799202991  79.13087
3778.2751756653  96.46815
3778.31235930069  102.9252
3778.34954293607  105.3291
3778.38672657146  124.4827
3778.42391020685  117.0837
3778.46109384224  114.8844
3778.49827747763  156.8897
3778.53546111301  136.1737
3778.5726447484  128.8163
3778.60982838379  110.5511
3778.64701201917  125.1145
3778.68419565456  129.7852
3778.72137928995  106.3186
3778.75856292534  179.1853
3778.79574656072  121.6498
3778.83293019611  64.88398
3778.8701138315  148.5142
3778.90729746689  171.1414
3778.94448110227  213.2128
3778.98166473766  212.1934
3779.01884837305  188.7255
3779.05603200844  90.21092
3779.09321564382  88.82442
3779.13039927921  76.79732
3779.1675829146  85.01881
3779.20476654999  114.3096
3779.24195018537  126.5375
3779.27913382076  133.5134
3779.31631745615  90.00271
3779.35350109154  86.65131
3779.39068472692  112.9188
3779.42786836231  111.7656
3779.4650519977  111.8161
3779.50223563309  82.79744
3779.53941926847  165.6914
3779.57660290386  225.4469
3779.61378653925  138.889
3779.65097017464  73.22019
3779.68815381002  97.67403
3779.72533744541  94.87405
3779.7625210808  103.5952
3779.79970471619  69.02854
3779.83688835157  63.66631
3779.87407198696  80.69918
3779.91125562235  65.95084
3779.94843925774  52.24525
3779.98562289312  62.89804
3780.02280652851  63.01041
3780.0599901639  81.72726
3780.09717379929  52.2963
3780.13435743467  140.1164
3780.17154107006  161.2356
3780.20872470545  115.8749
3780.24590834084  108.47
3780.28309197622  83.31499
3780.32027561161  116.716
3780.357459247  106.3474
3780.39464288239  91.40005
3780.43182651777  64.27318
3780.46901015316  67.33968
3780.50619378855  77.59007
3780.54337742394  92.99295
3780.58056105932  109.2011
3780.61774469471  -7.784851
3780.6549283301  152.4142
3780.69211196549  -13.58952
3780.72929560087  261.3939
3780.76647923626  435.2224
3780.80366287165  3417.577
3780.84084650704  5853.218
3780.87803014242  5608.174
3780.91521377781  2658.936
3780.9523974132  3145.693
3780.98958104859  4041.024
3781.02676468397  1665.978
3781.06394831936  142.1324
3781.10113195475  101.266
3781.13831559013  43.50405
3781.17549922552  79.38394
3781.21268286091  77.35442
3781.2498664963  78.21175
3781.28705013169  373.7179
3781.32423376707  633.5609
3781.36141740246  681.5762
3781.39860103785  441.9861
3781.43578467323  242.7769
3781.47296830862  155.0988
3781.51015194401  95.13535
3781.5473355794  46.53033
3781.58451921478  54.92862
3781.62170285017  55.40664
3781.65888648556  56.22042
3781.69607012095  25.62037
3781.73325375633  77.18855
3781.77043739172  58.33183
3781.80762102711  52.22062
3781.8448046625  56.84428
3781.88198829788  61.62134
3781.91917193327  79.92342
3781.95635556866  40.83698
3781.99353920405  81.51534
3782.03072283943  91.62437
3782.06790647482  79.86507
3782.10509011021  15.82459
3782.1422737456  64.10543
3782.17945738098  44.41573
3782.21664101637  71.22403
3782.25382465176  53.3256
3782.29100828715  45.2832
3782.32819192253  108.4241
3782.36537555792  130.3494
3782.40255919331  97.88837
3782.4397428287  53.12902
3782.47692646408  69.70844
3782.51411009947  27.70559
3782.55129373486  68.54552
3782.58847737025  22.41992
3782.62566100563  45.32421
3782.66284464102  31.48557
3782.70002827641  37.20505
3782.7372119118  41.62754
3782.77439554718  67.25919
3782.81157918257  19.10699
3782.84876281796  21.34255
3782.88594645335  45.51273
3782.92313008873  73.54401
3782.96031372412  62.20517
3782.99749735951  227.8117
3783.0346809949  221.4861
3783.07186463028  156.307
3783.10904826567  53.48255
3783.14623190106  22.8982
3783.18341553645  85.69777
3783.22059917183  51.16533
3783.25778280722  487.1258
3783.29496644261  704.3767
3783.33215007799  690.7005
3783.36933371338  183.9443
3783.40651734877  41.37796
3783.44370098416  52.31629
3783.48088461955  84.52932
3783.51806825493  112.6283
3783.55525189032  124.7916
3783.59243552571  26.70037
3783.62961916109  67.36002
3783.66680279648  28.86132
3783.70398643187  104.9736
3783.74117006726  56.66922
3783.77835370265  35.72947
3783.81553733803  36.78492
3783.85272097342  27.70124
3783.88990460881  62.20363
3783.92708824419  20.55019
3783.96427187958  -0.06397718
3784.00145551497  25.2237
3784.03863915036  25.32511
3784.07582278575  -20.10457
3784.11300642113  64.38775
3784.15019005652  34.87254
3784.18737369191  26.76228
3784.22455732729  23.46327
3784.26174096268  41.70404
3784.29892459807  53.2813
3784.33610823346  61.15988
3784.37329186884  49.93289
3784.41047550423  34.09275
3784.44765913962  36.04229
3784.48484277501  58.03615
3784.52202641039  88.65047
3784.55921004578  110.7871
3784.59639368117  109.7197
3784.63357731656  81.16159
